# This file may be used to create an environment using:
# $ conda create --name <env> --file <this file>
# platform: win-64
absl-py=0.2.2=py35_0
astor=0.6.2=py35_0
backcall=0.1.0=py35_0
blas=1.0=mkl
bleach=1.5.0=py35_0
ca-certificates=2018.03.07=0
certifi=2018.4.16=py35_0
colorama=0.3.9=py35h32a752f_0
cudatoolkit=9.0=1
cudnn=7.1.4=cuda9.0_0
cycler=0.10.0=py35hcc71164_0
decorator=4.3.0=py35_0
freetype=2.8=h51f8f2c_1
gast=0.2.0=py35_0
graphviz=2.38=hfd603c8_2
grpcio=1.12.1=py35h1a1b453_0
h5py=2.8.0=py35h3bdd7fb_0
hdf5=1.10.2=hac2f561_1
html5lib=0.9999999=py35_0
icc_rt=2017.0.4=h97af966_0
icu=58.2=ha66f8fd_1
intel-openmp=2018.0.3=0
ipykernel=4.8.2=py35_0
ipython=6.4.0=py35_0
ipython_genutils=0.2.0=py35ha709e79_0
jedi=0.12.0=py35_1
jpeg=9b=hb83a4c4_2
jupyter_client=5.2.3=py35_0
jupyter_core=4.4.0=py35h629ba7f_0
keras-applications=1.0.2=py35_0
keras-base=2.2.0=py36_0
keras-gpu=2.2.0=0
keras-preprocessing=1.0.1=py35_0
kiwisolver=1.0.1=py35hc605aed_0
libpng=1.6.34=h79bbb47_0
libprotobuf=3.5.2=he0781b1_0
libsodium=1.0.16=h9d3ae62_0
libtiff=4.0.9=hb8ad9f9_1
markdown=2.6.11=py35_0
matplotlib=2.2.2=py35h153e9ff_1
mkl=2018.0.3=1
mkl_fft=1.0.1=py35h452e1ab_0
mkl_random=1.0.1=py35h9258bd6_0
numpy=1.14.5=py35h9fa60d3_0
numpy-base=1.14.5=py35h5c71026_0
olefile=0.45.1=py35_0
opencv=3.3.1=py35h20b85fd_1
openssl=1.0.2o=hfa6e2cd_1
pandas=0.23.3=py35h830ac7b_0
parso=0.2.1=py35_0
pickleshare=0.7.4=py35h2f9f535_0
pillow=5.1.0=py35h0738816_0
pip=10.0.1=py35_0
prompt_toolkit=1.0.15=py35h89c7cb4_0
protobuf=3.5.2=py35h6538335_0
pydot=1.2.4=py35_0
pygments=2.2.0=py35h24c0941_0
pyparsing=2.2.0=py35hcabcaab_1
pyqt=5.9.2=py35h1aa27d4_0
python=3.5.5=h0c2934d_2
python-dateutil=2.7.3=py35_0
pytz=2018.5=py35_0
pyyaml=3.12=py35h4bf9689_1
pyzmq=17.0.0=py35hfa6e2cd_1
qt=5.9.6=vc14h62aca36_0
scikit-learn=0.19.1=py35h2037775_0
scipy=1.1.0=py35h672f292_0
setuptools=39.2.0=py35_0
simplegeneric=0.8.1=py35_2
sip=4.19.8=py35h6538335_0
six=1.11.0=py35hc1da2df_1
sqlite=3.24.0=h7602738_0
tensorboard=1.8.0=py35he025d50_0
tensorflow-gpu=1.8.0=h21ff451_0
tensorflow-gpu-base=1.8.0=py35h376609f_0
termcolor=1.1.0=py35_1
tk=8.6.7=hcb92d03_3
tornado=5.0.2=py35_0
tqdm=4.23.4=py35_0
traitlets=4.3.2=py35h09b975b_0
vc=14=h0510ff6_3
vs2015_runtime=14.0.25123=3
wcwidth=0.1.7=py35h6e80d8a_0
werkzeug=0.14.1=py35_0
wheel=0.31.1=py35_0
win_unicode_console=0.5=py35h56988b5_0
wincertstore=0.2=py35hfebbdb8_0
yaml=0.1.7=hc54c509_2
zeromq=4.2.5=he025d50_1
zlib=1.2.11=h8395fce_2
